1548955075,23.83,16.79,0, 0, 0, 0, 0, 0,0,0,0 
1548955076,23.83,17.20,0, 0, 0, 0, 0, 0,0,0,0 
1548955076,23.86,17.56,0, 0, 0, 0, 0, 0,0,0,0 
1548955076,23.85,17.82,0, 0, 0, 0, 0, 0,0,0,0 
1548955076,23.87,18.06,0, 0, 0, 0, 0, 0,1,1,1 
1548955076,23.87,18.27,0, 0, 0, 0, 0, 0,1,1,1 
1548955076,23.88,18.42,0, 0, 0, 0, 0, 0,1,1,1 
1548955076,23.88,18.49,0, 0, 0, 0, 0, 0,1,1,1 
1548955076,23.89,18.61,0, 0, 0, 0, 0, 0,1,1,1 
1548955076,23.89,18.96,0, 0, 0, 0, 0, 0,1,1,1 
1548955077,23.91,20.45,0, 0, 0, 0, 0, 0,1,1,1 
1548955077,23.92,23.35,0, 0, 0, 0, 0, 0,1,1,1 
1548955077,23.99,26.47,0, 0, 0, 0, 0, 0,1,1,1 
1548955077,24.04,29.79,0, 0, 0, 0, 0, 0,1,1,1 
1548955077,24.13,33.06,0, 0, 0, 0, 0, 0,1,1,1 
1548955077,24.17,35.71,0, 0, 0, 0, 0, 0,1,1,1 
1548955077,24.21,37.96,0, 0, 0, 0, 0, 0,1,1,1 
1548955077,24.20,39.94,0, 0, 0, 0, 0, 0,1,1,1 
1548955077,24.20,41.56,0, 0, 0, 0, 0, 0,1,1,1 
1548955078,24.18,42.63,0, 0, 0, 0, 0, 0,1,1,1 
1548955078,24.18,43.42,0, 0, 0, 0, 0, 0,1,1,1 
1548955078,24.17,44.44,0, 0, 0, 0, 0, 0,1,1,1 
1548955078,24.16,45.64,0, 0, 0, 0, 0, 0,1,1,1 
1548955078,24.17,46.98,0, 0, 0, 0, 0, 0,1,1,1 
1548955078,24.18,48.35,0, 0, 0, 0, 0, 0,1,1,1 
1548955078,24.19,49.63,0, 0, 0, 0, 0, 0,1,1,1 
1548955078,24.20,50.82,0, 0, 0, 0, 0, 0,1,1,1 
1548955079,24.20,51.94,0, 0, 0, 0, 0, 0,1,1,1 
1548955079,24.21,53.02,0, 0, 0, 0, 0, 0,1,1,1 
1548955079,24.23,54.04,0, 0, 0, 0, 0, 0,1,1,1 
1548955079,24.23,54.99,0, 0, 0, 0, 0, 0,1,1,1 
1548955079,24.23,55.95,0, 0, 0, 0, 0, 0,1,1,1 
1548955079,24.20,56.90,0, 0, 0, 0, 0, 0,1,1,1 
1548955079,24.23,57.92,0, 0, 0, 0, 0, 0,1,1,1 
1548955079,24.25,58.94,0, 0, 0, 0, 0, 0,1,1,1 
1548955079,24.25,59.95,0, 0, 0, 0, 0, 0,1,1,1 
1548955080,24.27,62.32,0, 0, 0, 0, 0, 0,0,0,0 
1548955080,24.27,63.25,0, 0, 0, 0, 0, 0,0,0,0 
1548955080,24.29,64.15,0, 0, 0, 0, 0, 0,0,0,0 
1548955080,24.30,65.01,0, 0, 0, 0, 0, 0,0,0,0 
1548955080,24.31,65.83,0, 0, 0, 0, 0, 0,0,0,0 
1548955080,24.30,66.63,0, 0, 0, 0, 0, 0,0,0,0 
1548955080,24.32,67.40,0, 0, 0, 0, 0, 0,1,1,1 
1548955081,24.34,68.18,0, 0, 0, 0, 0, 0,1,1,1 
1548955081,24.34,68.89,0, 0, 0, 0, 0, 0,1,1,1 
1548955081,24.35,69.56,0, 0, 0, 0, 0, 0,1,1,1 
1548955081,24.34,70.18,0, 0, 0, 0, 0, 0,1,1,1 
1548955081,24.36,70.75,0, 0, 0, 0, 0, 0,1,1,1 
1548955081,24.38,71.26,0, 0, 0, 0, 0, 0,1,1,1 
1548955081,24.36,71.70,0, 0, 0, 0, 0, 0,1,1,1 
1548955081,24.38,72.05,0, 0, 0, 0, 0, 0,1,1,1 
1548955081,24.38,72.36,0, 0, 0, 0, 0, 0,1,1,1 
1548955082,24.39,72.62,0, 0, 0, 0, 0, 0,1,1,1 
1548955082,24.36,72.85,0, 0, 0, 0, 0, 0,1,1,1 
1548955082,24.36,73.05,0, 0, 0, 0, 0, 0,1,1,1 
1548955082,24.38,73.15,0, 0, 0, 0, 0, 0,1,1,1 
1548955082,24.35,73.01,0, 0, 0, 0, 0, 0,1,1,1 
1548955082,24.36,72.86,0, 0, 0, 0, 0, 0,1,1,1 
1548955082,24.35,72.95,0, 0, 0, 0, 0, 0,1,1,1 
1548955082,24.35,72.87,0, 0, 0, 0, 0, 0,1,1,1 
1548955082,24.35,72.57,0, 0, 0, 0, 0, 0,1,1,1 
1548955083,24.34,72.14,0, 0, 0, 0, 0, 0,1,1,1 
1548955083,24.33,71.47,0, 0, 0, 0, 0, 0,1,1,1 
1548955083,24.33,70.05,0, 0, 0, 0, 0, 0,1,1,1 
1548955083,24.31,68.41,0, 0, 0, 0, 0, 0,1,1,1 
1548955083,24.31,66.93,0, 0, 0, 0, 0, 0,1,1,1 
1548955083,24.30,65.85,0, 0, 0, 0, 0, 0,1,1,1 
1548955083,24.31,65.26,0, 0, 0, 0, 0, 0,1,1,1 
1548955083,24.32,64.93,0, 0, 0, 0, 0, 0,1,1,1 
1548955084,24.33,64.77,0, 0, 0, 0, 0, 0,1,1,1 
1548955084,24.34,64.71,0, 0, 0, 0, 0, 0,1,1,1 
1548955084,24.34,64.69,0, 0, 0, 0, 0, 0,1,1,1 
1548955084,24.35,64.66,0, 0, 0, 0, 0, 0,1,1,1 
1548955084,24.35,64.57,0, 0, 0, 0, 0, 0,1,1,1 
1548955084,24.38,64.43,282, 74, 0, 0, 0, 0,1,1,1 
1548955084,24.38,64.51,282, 74, 0, 0, 0, 0,1,1,1 
1548955084,24.39,64.62,282, 74, 0, 0, 0, 0,1,1,1 
1548955085,24.39,64.77,282, 74, 0, 0, 0, 0,1,1,1 
1548955085,24.40,64.95,282, 74, 0, 0, 0, 0,1,1,1 
1548955085,24.41,65.15,282, 74, 0, 0, 0, 0,1,1,1 
1548955085,24.43,65.31,282, 74, 0, 0, 0, 0,0,0,0 
1548955085,24.41,65.27,282, 74, 0, 0, 0, 0,0,0,0 
1548955085,24.42,65.04,282, 74, 0, 0, 0, 0,0,0,0 
1548955085,24.42,64.77,282, 74, 0, 0, 0, 0,0,0,0 
1548955085,24.43,64.58,282, 74, 0, 0, 0, 0,0,0,0 
1548955086,24.42,64.51,282, 74, 0, 0, 0, 0,0,0,0 
1548955086,24.44,64.58,282, 74, 0, 0, 0, 0,0,0,0 
1548955086,24.43,64.70,282, 74, 0, 0, 0, 0,0,0,0 
1548955086,24.45,64.80,282, 74, 0, 0, 0, 0,0,0,0 
1548955086,24.44,64.80,282, 74, 0, 0, 0, 0,0,0,0 
1548955086,24.46,64.77,282, 74, 0, 0, 0, 0,0,0,0 
1548955086,24.45,64.77,282, 74, 0, 0, 0, 0,0,0,0 
1548955086,24.47,64.77,282, 74, 0, 0, 0, 0,0,0,0 
1548955086,24.46,64.74,282, 74, 0, 0, 0, 0,0,0,0 
1548955087,24.48,64.71,282, 74, 0, 0, 0, 0,0,0,0 
1548955087,24.48,64.67,282, 74, 0, 0, 0, 0,0,0,0 
1548955087,24.46,64.69,282, 74, 0, 0, 0, 0,0,0,0 
1548955087,24.48,64.83,282, 74, 0, 0, 0, 0,0,0,0 
1548955087,24.49,65.05,282, 74, 0, 0, 0, 0,0,0,0 
1548955087,24.50,65.28,282, 74, 0, 0, 0, 0,0,0,0 
1548955087,24.50,65.52,282, 74, 0, 0, 0, 0,0,0,0 
1548955087,24.51,65.80,282, 74, 0, 0, 0, 0,0,0,0 
1548955087,24.53,66.05,282, 74, 0, 0, 0, 0,0,0,0 
1548955088,24.53,66.25,282, 74, 0, 0, 0, 0,0,0,0 
1548955088,24.53,66.40,282, 74, 0, 0, 0, 0,0,0,0 
1548955088,24.53,66.54,282, 74, 0, 0, 0, 0,0,0,0 
1548955088,24.54,66.64,282, 74, 0, 0, 0, 0,0,0,0 
1548955088,24.53,66.66,282, 74, 0, 0, 0, 0,0,0,0 
1548955088,24.54,66.63,282, 74, 0, 0, 0, 0,0,0,0 
1548955088,24.55,66.56,282, 74, 0, 0, 0, 0,0,0,0 
1548955088,24.54,66.52,282, 74, 0, 0, 0, 0,0,0,0 
1548955088,24.55,66.34,282, 74, 0, 0, 0, 0,0,0,0 
1548955089,24.53,64.11,222, 62, 4, 0, 0, 0,0,1,1 
1548955089,24.53,63.00,222, 62, 4, 0, 0, 0,0,1,1 
1548955089,24.53,62.27,222, 62, 4, 0, 0, 0,0,1,1 
1548955089,24.54,61.78,222, 62, 4, 0, 0, 0,0,1,1 
1548955089,24.54,61.37,222, 62, 4, 0, 0, 0,0,1,1 
1548955089,24.55,61.13,222, 62, 4, 0, 0, 0,0,1,1 
1548955089,24.55,61.04,222, 62, 4, 0, 0, 0,0,1,1 
1548955090,24.56,61.00,222, 62, 4, 0, 0, 0,0,1,1 
1548955090,24.56,60.78,222, 62, 4, 0, 0, 0,0,1,1 
1548955090,24.57,60.16,222, 62, 4, 0, 0, 0,0,1,1 
1548955090,24.56,59.30,222, 62, 4, 0, 0, 0,0,1,1 
1548955090,24.58,58.41,222, 62, 4, 0, 0, 0,0,1,1 
1548955090,24.56,57.36,222, 62, 4, 0, 0, 0,0,1,1 
1548955090,24.56,56.30,222, 62, 4, 0, 0, 0,0,1,1 
1548955090,24.56,55.60,222, 62, 4, 0, 0, 0,0,1,1 
1548955090,24.58,55.24,222, 62, 4, 0, 0, 0,0,1,1 
1548955091,24.59,55.05,222, 62, 4, 0, 0, 0,0,1,1 
1548955091,24.59,55.01,222, 62, 4, 0, 0, 0,0,1,1 
1548955091,24.60,55.13,222, 62, 4, 0, 0, 0,0,1,1 
1548955091,24.61,55.35,222, 62, 4, 0, 0, 0,0,1,1 
1548955091,24.62,55.58,222, 62, 4, 0, 0, 0,0,1,1 
1548955091,24.62,55.68,222, 62, 4, 0, 0, 0,0,1,1 
1548955091,24.63,55.60,222, 62, 4, 0, 0, 0,0,1,1 
1548955091,24.62,55.19,222, 62, 4, 0, 0, 0,0,1,1 
1548955092,24.63,54.35,222, 62, 4, 0, 0, 0,0,1,1 
1548955092,24.62,53.13,222, 62, 4, 0, 0, 0,0,1,1 
1548955092,24.63,51.78,222, 62, 4, 0, 0, 0,0,1,1 
1548955092,24.61,50.62,222, 62, 4, 0, 0, 0,0,1,1 
1548955092,24.61,49.90,222, 62, 4, 0, 0, 0,0,1,1 
1548955092,24.62,49.92,222, 62, 4, 0, 0, 0,0,1,1 
1548955092,24.63,50.46,222, 62, 4, 0, 0, 0,0,1,1 
1548955092,24.66,51.19,222, 62, 4, 0, 0, 0,0,1,1 
1548955092,24.65,52.04,222, 62, 4, 0, 0, 0,0,1,1 
1548955093,24.66,52.89,222, 62, 4, 0, 0, 0,0,1,1 
1548955093,24.68,53.46,222, 62, 4, 0, 0, 0,0,1,1 
1548955093,24.68,53.05,222, 62, 4, 0, 0, 0,0,1,1 
1548955093,24.68,51.80,222, 62, 4, 0, 0, 0,0,1,1 
1548955093,24.66,50.71,222, 62, 4, 0, 0, 0,0,1,1 
1548955093,24.64,48.95,240, 70, 10, 2, 0, 0,0,1,1 
1548955093,24.64,49.14,240, 70, 10, 2, 0, 0,0,1,1 
1548955094,24.68,49.60,240, 70, 10, 2, 0, 0,0,1,1 
1548955094,24.68,50.20,240, 70, 10, 2, 0, 0,0,1,1 
1548955094,24.69,50.87,240, 70, 10, 2, 0, 0,0,1,1 
1548955094,24.71,51.53,240, 70, 10, 2, 0, 0,0,1,1 
1548955094,24.71,52.28,240, 70, 10, 2, 0, 0,0,1,1 
1548955094,24.72,53.12,240, 70, 10, 2, 0, 0,0,1,1 
1548955094,24.72,53.89,240, 70, 10, 2, 0, 0,0,1,1 
1548955094,24.73,54.12,240, 70, 10, 2, 0, 0,0,1,1 
1548955094,24.73,53.35,240, 70, 10, 2, 0, 0,0,1,1 
1548955095,24.71,51.88,240, 70, 10, 2, 0, 0,0,1,1 
1548955095,24.70,50.44,240, 70, 10, 2, 0, 0,0,1,1 
1548955095,24.70,49.01,240, 70, 10, 2, 0, 0,0,1,1 
1548955095,24.69,47.47,240, 70, 10, 2, 0, 0,0,1,1 
1548955095,24.69,45.98,240, 70, 10, 2, 0, 0,0,1,1 
1548955095,24.68,44.82,240, 70, 10, 2, 0, 0,0,1,1 
1548955095,24.68,43.84,240, 70, 10, 2, 0, 0,0,1,1 
1548955095,24.68,43.35,240, 70, 10, 2, 0, 0,0,1,1 
1548955095,24.68,42.84,240, 70, 10, 2, 0, 0,0,1,1 
1548955096,24.69,42.13,240, 70, 10, 2, 0, 0,0,1,1 
1548955096,24.66,41.31,240, 70, 10, 2, 0, 0,0,1,1 
1548955096,24.69,40.56,240, 70, 10, 2, 0, 0,0,1,1 
1548955096,24.68,39.83,240, 70, 10, 2, 0, 0,0,1,1 
1548955096,24.68,39.16,240, 70, 10, 2, 0, 0,0,1,1 
1548955096,24.68,38.48,240, 70, 10, 2, 0, 0,0,1,1 
1548955096,24.69,38.03,240, 70, 10, 2, 0, 0,0,1,1 
1548955096,24.69,37.67,240, 70, 10, 2, 0, 0,0,1,1 
1548955097,24.69,37.58,240, 70, 10, 2, 0, 0,0,1,1 
1548955097,24.69,37.55,240, 70, 10, 2, 0, 0,0,1,1 
1548955097,24.70,37.41,240, 70, 10, 2, 0, 0,0,1,1 
1548955097,24.71,36.99,240, 70, 10, 2, 0, 0,0,1,1 
1548955097,24.71,36.69,240, 70, 10, 2, 0, 0,0,1,1 
1548955097,24.70,36.29,240, 70, 10, 2, 0, 0,0,1,1 
1548955097,24.70,35.75,240, 70, 10, 2, 0, 0,0,1,1 
1548955097,24.70,35.37,240, 70, 10, 2, 0, 0,0,1,1 
1548955097,24.71,35.20,264, 78, 10, 2, 0, 0,0,1,1 
1548955098,24.72,34.90,264, 78, 10, 2, 0, 0,0,1,1 
1548955098,24.72,34.45,264, 78, 10, 2, 0, 0,0,1,1 
1548955098,24.71,33.85,264, 78, 10, 2, 0, 0,0,1,1 
1548955098,24.72,33.59,264, 78, 10, 2, 0, 0,0,1,1 
1548955098,24.72,33.71,264, 78, 10, 2, 0, 0,0,1,1 
1548955098,24.72,33.68,264, 78, 10, 2, 0, 0,0,1,1 
1548955098,24.72,33.48,264, 78, 10, 2, 0, 0,0,1,1 
1548955099,24.72,33.44,264, 78, 10, 2, 0, 0,0,1,1 
1548955099,24.72,33.73,264, 78, 10, 2, 0, 0,0,1,1 
1548955099,24.72,33.55,264, 78, 10, 2, 0, 0,0,1,1 
1548955099,24.72,33.12,264, 78, 10, 2, 0, 0,0,1,1 
1548955099,24.73,33.44,264, 78, 10, 2, 0, 0,0,1,1 
1548955099,24.74,34.27,264, 78, 10, 2, 0, 0,0,1,1 
1548955099,24.74,34.46,264, 78, 10, 2, 0, 0,0,1,1 
1548955099,24.74,34.23,264, 78, 10, 2, 0, 0,0,1,1 
1548955099,24.75,33.90,264, 78, 10, 2, 0, 0,0,1,1 
1548955100,24.75,33.41,264, 78, 10, 2, 0, 0,0,1,1 
1548955100,24.74,33.16,264, 78, 10, 2, 0, 0,0,1,1 
1548955100,24.73,33.04,264, 78, 10, 2, 0, 0,0,1,1 
1548955100,24.75,33.02,264, 78, 10, 2, 0, 0,0,1,1 
1548955100,24.75,33.07,264, 78, 10, 2, 0, 0,0,1,1 
1548955100,24.75,32.95,264, 78, 10, 2, 0, 0,0,1,1 
1548955100,24.75,32.76,264, 78, 10, 2, 0, 0,0,1,1 
1548955100,24.75,32.61,264, 78, 10, 2, 0, 0,0,1,1 
1548955100,24.75,32.52,264, 78, 10, 2, 0, 0,0,1,1 
1548955101,24.75,32.36,264, 78, 10, 2, 0, 0,0,1,1 
1548955101,24.75,32.08,264, 78, 10, 2, 0, 0,0,1,1 
1548955101,24.75,31.76,264, 78, 10, 2, 0, 0,0,1,1 
1548955101,24.74,31.42,264, 78, 10, 2, 0, 0,0,1,1 
1548955101,24.74,31.10,264, 78, 10, 2, 0, 0,0,1,1 
1548955101,24.74,30.78,264, 78, 10, 2, 0, 0,0,1,1 
1548955101,24.75,30.44,264, 78, 10, 2, 0, 0,0,1,1 
1548955101,24.74,30.07,264, 78, 10, 2, 0, 0,0,1,1 
1548955102,24.74,29.66,264, 78, 10, 2, 0, 0,0,1,1 
1548955102,24.74,29.21,264, 78, 10, 2, 0, 0,0,1,1 
1548955102,24.72,28.13,306, 90, 12, 2, 0, 0,0,1,1 
1548955102,24.73,27.74,306, 90, 12, 2, 0, 0,0,1,1 
1548955102,24.72,27.37,306, 90, 12, 2, 0, 0,0,1,1 
1548955102,24.73,27.02,306, 90, 12, 2, 0, 0,0,1,1 
1548955102,24.73,26.73,306, 90, 12, 2, 0, 0,0,1,1 
1548955102,24.74,26.66,306, 90, 12, 2, 0, 0,0,1,1 
1548955103,24.73,26.79,306, 90, 12, 2, 0, 0,0,1,1 
1548955103,24.73,27.02,306, 90, 12, 2, 0, 0,0,1,1 
1548955103,24.74,27.06,306, 90, 12, 2, 0, 0,0,1,1 
1548955103,24.74,26.78,306, 90, 12, 2, 0, 0,0,1,1 
1548955103,24.75,26.38,306, 90, 12, 2, 0, 0,0,1,1 
1548955103,24.75,25.97,306, 90, 12, 2, 0, 0,0,1,1 
1548955103,24.74,25.61,306, 90, 12, 2, 0, 0,0,1,1 
1548955103,24.74,25.28,306, 90, 12, 2, 0, 0,0,1,1 
1548955104,24.75,25.04,306, 90, 12, 2, 0, 0,0,1,1 
1548955104,24.73,24.97,306, 90, 12, 2, 0, 0,0,1,1 
1548955104,24.75,24.85,306, 90, 12, 2, 0, 0,0,1,1 
1548955104,24.75,24.64,306, 90, 12, 2, 0, 0,0,1,1 
1548955104,24.74,24.40,306, 90, 12, 2, 0, 0,0,1,1 
1548955104,24.75,24.20,306, 90, 12, 2, 0, 0,0,1,1 
1548955104,24.75,24.32,306, 90, 12, 2, 0, 0,0,1,1 
1548955104,24.76,24.32,306, 90, 12, 2, 0, 0,0,1,1 
1548955104,24.76,23.89,306, 90, 12, 2, 0, 0,0,1,1 
1548955105,24.75,23.47,306, 90, 12, 2, 0, 0,0,1,1 
1548955105,24.75,23.10,306, 90, 12, 2, 0, 0,0,1,1 
1548955105,24.76,22.78,306, 90, 12, 2, 0, 0,0,1,1 
1548955105,24.75,22.51,306, 90, 12, 2, 0, 0,0,1,1 
1548955105,24.75,22.25,306, 90, 12, 2, 0, 0,0,1,1 
1548955105,24.76,22.04,306, 90, 12, 2, 0, 0,0,1,1 
1548955105,24.76,21.96,306, 90, 12, 2, 0, 0,0,1,1 
1548955105,24.76,22.09,306, 90, 12, 2, 0, 0,0,1,1 
1548955105,24.75,22.36,306, 90, 12, 2, 0, 0,0,1,1 
1548955106,24.76,22.68,306, 90, 12, 2, 0, 0,0,1,1 
1548955106,24.78,23.09,306, 90, 12, 2, 0, 0,0,1,1 
1548955106,24.77,23.58,306, 90, 12, 2, 0, 0,0,1,1 
1548955106,24.77,24.12,306, 90, 12, 2, 0, 0,0,1,1 
1548955106,24.77,25.81,330, 96, 10, 4, 0, 0,0,1,1 
1548955106,24.80,26.65,330, 96, 10, 4, 0, 0,0,1,1 
1548955106,24.80,27.66,330, 96, 10, 4, 0, 0,0,1,1 
1548955107,24.80,28.82,330, 96, 10, 4, 0, 0,0,1,1 
1548955107,24.82,29.97,330, 96, 10, 4, 0, 0,0,1,1 
1548955107,24.82,31.00,330, 96, 10, 4, 0, 0,0,1,1 
1548955107,24.83,31.83,330, 96, 10, 4, 0, 0,0,1,1 
1548955107,24.82,32.72,330, 96, 10, 4, 0, 0,0,1,1 
1548955107,24.82,33.52,330, 96, 10, 4, 0, 0,0,1,1 
1548955107,24.84,33.83,330, 96, 10, 4, 0, 0,0,1,1 
1548955107,24.82,33.53,330, 96, 10, 4, 0, 0,0,1,1 
1548955107,24.82,33.17,330, 96, 10, 4, 0, 0,0,1,1 
1548955108,24.82,33.18,330, 96, 10, 4, 0, 0,0,1,1 
1548955108,24.82,33.36,330, 96, 10, 4, 0, 0,0,1,1 
1548955108,24.84,33.43,330, 96, 10, 4, 0, 0,0,1,1 
1548955108,24.84,33.27,330, 96, 10, 4, 0, 0,0,1,1 
1548955108,24.83,33.02,330, 96, 10, 4, 0, 0,0,1,1 
1548955108,24.83,32.89,330, 96, 10, 4, 0, 0,0,1,1 
1548955108,24.83,32.94,330, 96, 10, 4, 0, 0,0,1,1 
1548955108,24.85,33.21,330, 96, 10, 4, 0, 0,0,1,1 
1548955109,24.84,33.71,330, 96, 10, 4, 0, 0,0,1,1 
1548955109,24.85,34.33,330, 96, 10, 4, 0, 0,0,1,1 
1548955109,24.86,34.84,330, 96, 10, 4, 0, 0,0,1,1 
1548955109,24.86,35.20,330, 96, 10, 4, 0, 0,0,1,1 
1548955109,24.86,35.40,330, 96, 10, 4, 0, 0,0,1,1 
1548955109,24.86,35.38,330, 96, 10, 4, 0, 0,0,1,1 
1548955109,24.86,35.32,330, 96, 10, 4, 0, 0,0,1,1 
1548955109,24.86,35.42,330, 96, 10, 4, 0, 0,0,1,1 
1548955109,24.87,35.66,330, 96, 10, 4, 0, 0,0,1,1 
1548955110,24.87,36.00,330, 96, 10, 4, 0, 0,0,1,1 
1548955110,24.87,36.34,330, 96, 10, 4, 0, 0,0,1,1 
1548955110,24.88,36.44,330, 96, 10, 4, 0, 0,0,1,1 
1548955110,24.88,36.11,330, 96, 10, 4, 0, 0,0,1,1 
1548955110,24.87,35.77,330, 96, 10, 4, 0, 0,0,1,1 
1548955110,24.89,35.55,330, 96, 10, 4, 0, 0,0,1,1 
1548955110,24.88,35.54,330, 96, 10, 4, 0, 0,0,1,1 
1548955110,24.90,35.74,330, 96, 10, 4, 0, 0,0,1,1 
1548955110,24.89,36.22,324, 98, 14, 4, 0, 0,0,1,1 
1548955111,24.89,36.28,324, 98, 14, 4, 0, 0,0,1,1 
1548955111,24.90,36.39,324, 98, 14, 4, 0, 0,0,1,1 
1548955111,24.91,36.51,324, 98, 14, 4, 0, 0,0,1,1 
1548955111,24.92,36.45,324, 98, 14, 4, 0, 0,0,1,1 
1548955111,24.91,36.31,324, 98, 14, 4, 0, 0,0,1,1 
1548955111,24.92,36.07,324, 98, 14, 4, 0, 0,0,1,1 
1548955111,24.92,35.62,324, 98, 14, 4, 0, 0,0,1,1 
1548955112,24.92,35.00,324, 98, 14, 4, 0, 0,0,1,1 
1548955112,24.92,34.34,324, 98, 14, 4, 0, 0,0,1,1 
1548955112,24.93,33.70,324, 98, 14, 4, 0, 0,0,1,1 
1548955112,24.92,33.14,324, 98, 14, 4, 0, 0,0,1,1 
1548955112,24.92,32.75,324, 98, 14, 4, 0, 0,0,1,1 
1548955112,24.94,32.63,324, 98, 14, 4, 0, 0,0,1,1 
1548955112,24.93,32.79,324, 98, 14, 4, 0, 0,0,1,1 
1548955112,24.93,32.94,324, 98, 14, 4, 0, 0,0,1,1 
1548955112,24.93,32.52,324, 98, 14, 4, 0, 0,0,1,1 
1548955113,24.93,31.77,324, 98, 14, 4, 0, 0,0,1,1 
1548955113,24.93,30.98,324, 98, 14, 4, 0, 0,0,1,1 
1548955113,24.93,30.36,324, 98, 14, 4, 0, 0,0,1,1 
1548955113,24.94,29.91,324, 98, 14, 4, 0, 0,0,1,1 
1548955113,24.93,29.50,324, 98, 14, 4, 0, 0,0,1,1 
1548955113,24.93,29.09,324, 98, 14, 4, 0, 0,0,1,1 
1548955113,24.94,28.54,324, 98, 14, 4, 0, 0,0,1,1 
1548955113,24.94,27.99,324, 98, 14, 4, 0, 0,0,1,1 
1548955113,24.95,27.56,324, 98, 14, 4, 0, 0,0,1,1 
1548955114,24.95,27.15,324, 98, 14, 4, 0, 0,0,1,1 
1548955114,24.95,26.78,324, 98, 14, 4, 0, 0,0,1,1 
1548955114,24.95,26.57,324, 98, 14, 4, 0, 0,0,1,1 
1548955114,24.97,26.56,324, 98, 14, 4, 0, 0,0,1,1 
1548955114,24.97,26.85,324, 98, 14, 4, 0, 0,0,1,1 
1548955114,24.98,27.25,324, 98, 14, 4, 0, 0,0,1,1 
1548955114,24.98,27.02,324, 98, 14, 4, 0, 0,0,1,1 
1548955114,24.98,26.49,324, 98, 14, 4, 0, 0,0,1,1 
1548955115,24.98,26.06,324, 98, 14, 4, 0, 0,0,1,1 
1548955115,24.98,25.54,342, 100, 8, 2, 0, 0,0,1,1 
1548955115,24.99,25.42,342, 100, 8, 2, 0, 0,0,1,1 
1548955115,24.99,25.39,342, 100, 8, 2, 0, 0,0,1,1 
1548955115,24.99,25.25,342, 100, 8, 2, 0, 0,0,1,1 
1548955115,25.00,24.99,342, 100, 8, 2, 0, 0,0,1,1 
1548955115,24.99,24.67,342, 100, 8, 2, 0, 0,0,1,1 
1548955116,24.98,24.30,342, 100, 8, 2, 0, 0,0,1,1 
1548955116,25.00,23.86,342, 100, 8, 2, 0, 0,0,1,1 
1548955116,24.99,23.44,342, 100, 8, 2, 0, 0,0,1,1 
1548955116,25.01,23.16,342, 100, 8, 2, 0, 0,0,1,1 
1548955116,25.01,23.26,342, 100, 8, 2, 0, 0,0,1,1 
1548955116,25.02,23.43,342, 100, 8, 2, 0, 0,0,1,1 
1548955116,25.01,23.27,342, 100, 8, 2, 0, 0,0,1,1 
1548955116,25.02,23.03,342, 100, 8, 2, 0, 0,0,1,1 
1548955124,24.95,14.08,348, 100, 14, 2, 0, 0,1,2,2 
1548955124,24.97,14.10,348, 100, 14, 2, 0, 0,1,2,2 
1548955124,24.95,14.00,348, 100, 14, 2, 0, 0,1,2,2 
1548955124,24.97,13.98,348, 100, 14, 2, 0, 0,1,2,2 
1548955125,24.95,14.00,348, 100, 14, 2, 0, 0,1,2,2 
1548955125,24.97,13.94,348, 100, 14, 2, 0, 0,1,2,2 
1548955125,24.98,13.72,348, 100, 14, 2, 0, 0,1,2,2 
1548955125,24.98,13.54,348, 100, 14, 2, 0, 0,1,2,2 
1548955125,24.98,13.41,348, 100, 14, 2, 0, 0,1,2,2 
1548955125,24.98,13.31,348, 100, 14, 2, 0, 0,1,2,2 
1548955125,24.98,13.28,348, 100, 14, 2, 0, 0,1,2,2 
1548955125,24.98,13.26,348, 100, 14, 2, 0, 0,1,2,2 
1548955125,24.98,13.29,348, 100, 14, 2, 0, 0,1,2,2 
1548955126,24.99,13.23,348, 100, 14, 2, 0, 0,1,2,2 
1548955126,24.99,13.12,348, 100, 14, 2, 0, 0,1,2,2 
1548955126,24.99,12.99,348, 100, 14, 2, 0, 0,1,2,2 
1548955126,24.99,12.86,348, 100, 14, 2, 0, 0,1,2,2 
1548955126,24.98,12.73,348, 100, 14, 2, 0, 0,1,2,2 
1548955126,24.99,12.59,348, 100, 14, 2, 0, 0,1,2,2 
1548955126,24.98,12.51,348, 100, 14, 2, 0, 0,1,2,2 
1548955126,24.99,12.42,348, 100, 14, 2, 0, 0,1,2,2 
1548955126,24.99,12.31,348, 100, 14, 2, 0, 0,1,2,2 
1548955127,24.98,12.18,348, 100, 14, 2, 0, 0,1,2,2 
1548955127,24.99,12.07,348, 100, 14, 2, 0, 0,1,2,2 
1548955127,24.99,11.98,348, 100, 14, 2, 0, 0,1,2,2 
1548955127,25.00,11.89,348, 100, 14, 2, 0, 0,1,2,2 
1548955127,24.99,11.79,348, 100, 14, 2, 0, 0,1,2,2 
1548955127,24.99,11.69,348, 100, 14, 2, 0, 0,1,2,2 
1548955127,24.98,11.60,348, 100, 14, 2, 0, 0,1,2,2 
1548955127,24.99,11.54,348, 100, 14, 2, 0, 0,1,2,2 
1548955127,24.98,11.47,348, 100, 14, 2, 0, 0,1,2,2 
1548955128,24.98,11.40,348, 100, 14, 2, 0, 0,1,2,2 
1548955128,25.00,11.32,348, 100, 14, 2, 0, 0,1,2,2 
1548955128,24.97,11.20,360, 106, 22, 6, 0, 0,0,2,2 
1548955128,24.97,11.17,360, 106, 22, 6, 0, 0,0,2,2 
1548955128,24.97,11.13,360, 106, 22, 6, 0, 0,0,2,2 
1548955128,24.99,11.11,360, 106, 22, 6, 0, 0,0,2,2 
1548955128,24.99,11.08,360, 106, 22, 6, 0, 0,0,2,2 
1548955129,25.00,11.02,360, 106, 22, 6, 0, 0,0,2,2 
1548955129,25.00,10.98,360, 106, 22, 6, 0, 0,0,2,2 
1548955129,24.99,10.92,360, 106, 22, 6, 0, 0,0,2,2 
1548955129,24.99,10.85,360, 106, 22, 6, 0, 0,0,2,2 
1548955129,25.00,10.80,360, 106, 22, 6, 0, 0,0,2,2 
1548955129,24.99,10.77,360, 106, 22, 6, 0, 0,0,2,2 
1548955129,24.98,10.76,360, 106, 22, 6, 0, 0,0,2,2 
1548955129,25.00,10.77,360, 106, 22, 6, 0, 0,0,2,2 
1548955130,24.99,10.77,360, 106, 22, 6, 0, 0,0,2,2 
1548955130,24.99,10.76,360, 106, 22, 6, 0, 0,0,2,2 
1548955130,24.99,10.72,360, 106, 22, 6, 0, 0,0,2,2 
1548955130,24.98,10.67,360, 106, 22, 6, 0, 0,0,2,2 
1548955130,24.98,10.62,360, 106, 22, 6, 0, 0,0,2,2 
1548955130,24.99,10.58,360, 106, 22, 6, 0, 0,0,2,2 
1548955130,24.99,10.67,360, 106, 22, 6, 0, 0,0,2,2 
1548955130,24.99,10.89,360, 106, 22, 6, 0, 0,0,2,2 
1548955130,25.01,11.28,360, 106, 22, 6, 0, 0,0,2,2 
1548955131,24.99,11.77,360, 106, 22, 6, 0, 0,0,2,2 
1548955131,25.01,12.27,360, 106, 22, 6, 0, 0,0,2,2 
1548955131,25.01,12.68,360, 106, 22, 6, 0, 0,0,2,2 
1548955131,25.01,13.04,360, 106, 22, 6, 0, 0,0,2,2 
1548955131,25.01,13.26,360, 106, 22, 6, 0, 0,0,2,2 
1548955131,25.00,13.24,360, 106, 22, 6, 0, 0,0,2,2 
1548955131,25.01,13.07,360, 106, 22, 6, 0, 0,0,2,2 
1548955131,24.99,12.88,360, 106, 22, 6, 0, 0,0,2,2 
1548955131,25.00,12.83,360, 106, 22, 6, 0, 0,0,2,2 
1548955132,25.00,13.04,360, 106, 22, 6, 0, 0,0,2,2 
1548955132,25.00,13.36,360, 106, 22, 6, 0, 0,0,2,2 
1548955132,25.00,13.80,360, 106, 22, 6, 0, 0,0,2,2 
1548955132,25.00,14.54,360, 108, 28, 4, 0, 0,0,2,2 
1548955132,25.01,14.43,360, 108, 28, 4, 0, 0,0,2,2 
1548955132,25.00,14.20,360, 108, 28, 4, 0, 0,0,2,2 
1548955132,24.99,13.92,360, 108, 28, 4, 0, 0,0,2,2 
1548955133,25.00,13.66,360, 108, 28, 4, 0, 0,0,2,2 
1548955133,24.99,13.41,360, 108, 28, 4, 0, 0,0,2,2 
1548955133,24.98,13.18,360, 108, 28, 4, 0, 0,0,2,2 
1548955133,24.99,12.95,360, 108, 28, 4, 0, 0,0,2,2 
1548955133,24.97,12.73,360, 108, 28, 4, 0, 0,0,2,2 
1548955133,24.99,12.52,360, 108, 28, 4, 0, 0,0,2,2 
1548955133,24.98,12.31,360, 108, 28, 4, 0, 0,0,2,2 
1548955133,24.98,12.12,360, 108, 28, 4, 0, 0,0,2,2 
1548955133,24.98,11.92,360, 108, 28, 4, 0, 0,0,2,2 
1548955134,24.97,11.73,360, 108, 28, 4, 0, 0,0,2,2 
1548955134,24.97,11.56,360, 108, 28, 4, 0, 0,0,2,2 
1548955134,24.97,11.38,360, 108, 28, 4, 0, 0,0,2,2 
1548955134,24.97,11.23,360, 108, 28, 4, 0, 0,0,2,2 
1548955134,24.95,11.08,360, 108, 28, 4, 0, 0,0,2,2 
1548955134,24.97,10.94,360, 108, 28, 4, 0, 0,0,2,2 
1548955134,24.95,10.80,360, 108, 28, 4, 0, 0,0,2,2 
1548955134,24.97,10.65,360, 108, 28, 4, 0, 0,0,2,2 
1548955135,24.94,10.52,360, 108, 28, 4, 0, 0,0,2,2 
1548955135,24.94,10.41,360, 108, 28, 4, 0, 0,0,2,2 
1548955135,24.94,10.30,360, 108, 28, 4, 0, 0,0,2,2 
1548955135,24.94,10.20,360, 108, 28, 4, 0, 0,0,2,2 
1548955135,24.94,10.09,360, 108, 28, 4, 0, 0,0,2,2 
1548955135,24.93,10.00,360, 108, 28, 4, 0, 0,0,2,2 
1548955135,24.94,9.90,360, 108, 28, 4, 0, 0,0,2,2 
1548955135,24.93,9.80,360, 108, 28, 4, 0, 0,0,2,2 
1548955135,24.93,9.71,360, 108, 28, 4, 0, 0,0,2,2 
1548955136,24.93,9.63,360, 108, 28, 4, 0, 0,0,2,2 
1548955136,24.92,9.55,360, 108, 28, 4, 0, 0,0,2,2 
1548955136,24.93,9.48,360, 108, 28, 4, 0, 0,0,2,2 
1548955136,24.92,9.41,360, 108, 28, 4, 0, 0,0,2,2 
1548955136,24.92,9.34,360, 108, 28, 4, 0, 0,0,2,2 
1548955136,24.92,9.28,360, 108, 28, 4, 0, 0,0,2,2 
1548955136,24.92,9.22,360, 108, 28, 4, 0, 0,0,2,2 
1548955136,24.91,9.16,360, 108, 28, 4, 0, 0,0,2,2 
1548955136,24.89,9.01,372, 110, 26, 4, 0, 0,0,2,2 
1548955137,24.89,8.95,372, 110, 26, 4, 0, 0,0,2,2 
1548955137,24.91,8.89,372, 110, 26, 4, 0, 0,0,2,2 
1548955137,24.90,8.84,372, 110, 26, 4, 0, 0,0,2,2 
1548955137,24.90,8.77,372, 110, 26, 4, 0, 0,0,2,2 
1548955137,24.89,8.73,372, 110, 26, 4, 0, 0,0,2,2 
1548955137,24.91,8.68,372, 110, 26, 4, 0, 0,0,2,2 
1548955137,24.89,8.64,372, 110, 26, 4, 0, 0,0,2,2 
1548955138,24.88,8.61,372, 110, 26, 4, 0, 0,0,2,2 
1548955138,24.89,8.58,372, 110, 26, 4, 0, 0,0,2,2 
1548955138,24.88,8.55,372, 110, 26, 4, 0, 0,0,2,2 
1548955138,24.88,8.53,372, 110, 26, 4, 0, 0,0,2,2 
1548955138,24.89,8.51,372, 110, 26, 4, 0, 0,0,2,2 
1548955138,24.88,8.49,372, 110, 26, 4, 0, 0,0,2,2 
1548955138,24.88,8.46,372, 110, 26, 4, 0, 0,0,2,2 
1548955138,24.89,8.42,372, 110, 26, 4, 0, 0,0,2,2 
1548955138,24.89,8.40,372, 110, 26, 4, 0, 0,0,2,2 
1548955139,24.88,8.36,372, 110, 26, 4, 0, 0,0,2,2 
1548955139,24.88,8.34,372, 110, 26, 4, 0, 0,0,2,2 
1548955139,24.89,8.32,372, 110, 26, 4, 0, 0,0,2,2 
1548955139,24.88,8.30,372, 110, 26, 4, 0, 0,0,2,2 
1548955139,24.87,8.31,372, 110, 26, 4, 0, 0,0,2,2 
1548955139,24.87,8.32,372, 110, 26, 4, 0, 0,0,2,2 
1548955139,24.87,8.33,372, 110, 26, 4, 0, 0,0,2,2 
1548955139,24.87,8.34,372, 110, 26, 4, 0, 0,0,2,2 
1548955140,24.88,8.35,372, 110, 26, 4, 0, 0,0,2,2 
1548955140,24.87,8.37,372, 110, 26, 4, 0, 0,0,2,2 
1548955140,24.87,8.38,372, 110, 26, 4, 0, 0,0,2,2 
1548955140,24.87,8.39,372, 110, 26, 4, 0, 0,0,2,2 
1548955140,24.87,8.39,372, 110, 26, 4, 0, 0,0,2,2 
1548955140,24.86,8.39,372, 110, 26, 4, 0, 0,0,2,2 
1548955140,24.87,8.39,372, 110, 26, 4, 0, 0,0,2,2 
1548955140,24.87,8.38,372, 110, 26, 4, 0, 0,0,2,2 
1548955140,24.85,8.36,372, 110, 26, 4, 0, 0,0,2,2 
1548955141,24.84,8.26,378, 118, 28, 4, 0, 0,0,2,2 
1548955141,24.85,8.21,378, 118, 28, 4, 0, 0,0,2,2 
1548955141,24.84,8.18,378, 118, 28, 4, 0, 0,0,2,2 
1548955141,24.84,8.15,378, 118, 28, 4, 0, 0,0,2,2 
1548955141,24.84,8.13,378, 118, 28, 4, 0, 0,0,2,2 
1548955141,24.83,8.10,378, 118, 28, 4, 0, 0,0,2,2 
1548955141,24.84,8.07,378, 118, 28, 4, 0, 0,0,2,2 
1548955142,24.83,8.04,378, 118, 28, 4, 0, 0,0,2,2 
1548955142,24.84,8.00,378, 118, 28, 4, 0, 0,0,2,2 
1548955142,24.83,7.98,378, 118, 28, 4, 0, 0,0,2,2 
1548955142,24.83,7.95,378, 118, 28, 4, 0, 0,0,2,2 
1548955142,24.83,7.93,378, 118, 28, 4, 0, 0,0,2,2 
1548955142,24.83,7.90,378, 118, 28, 4, 0, 0,0,2,2 
1548955142,24.83,7.88,378, 118, 28, 4, 0, 0,0,2,2 
1548955142,24.82,7.87,378, 118, 28, 4, 0, 0,0,2,2 
1548955142,24.83,7.84,378, 118, 28, 4, 0, 0,0,2,2 
1548955143,24.82,7.83,378, 118, 28, 4, 0, 0,0,2,2 
1548955143,24.82,7.80,378, 118, 28, 4, 0, 0,0,2,2 
1548955143,24.83,7.78,378, 118, 28, 4, 0, 0,0,2,2 
1548955143,24.82,7.76,378, 118, 28, 4, 0, 0,0,2,2 
1548955143,24.82,7.75,378, 118, 28, 4, 0, 0,0,2,2 
1548955143,24.83,7.74,378, 118, 28, 4, 0, 0,0,2,2 
1548955143,24.82,7.72,378, 118, 28, 4, 0, 0,0,2,2 
1548955143,24.79,7.71,378, 116, 30, 4, 0, 0,0,2,2 
1548955144,24.82,7.70,378, 116, 30, 4, 0, 0,0,2,2 
1548955144,24.79,7.70,378, 116, 30, 4, 0, 0,0,2,2 
1548955144,24.82,7.70,378, 116, 30, 4, 0, 0,0,2,2 
1548955144,24.79,7.69,378, 116, 30, 4, 0, 0,0,2,2 
1548955144,24.80,7.68,378, 116, 30, 4, 0, 0,0,2,2 
1548955144,24.80,7.68,378, 116, 30, 4, 0, 0,0,2,2 
1548955144,24.80,7.67,378, 116, 30, 4, 0, 0,0,2,2 
1548955144,24.79,7.67,378, 116, 30, 4, 0, 0,0,2,2 
1548955145,24.79,7.66,378, 116, 30, 4, 0, 0,0,2,2 
1548955145,24.80,7.66,378, 116, 30, 4, 0, 0,0,2,2 
1548955145,24.79,7.65,378, 116, 30, 4, 0, 0,0,2,2 
1548955145,24.79,7.62,378, 116, 30, 4, 0, 0,0,2,2 
1548955145,24.79,7.61,378, 116, 30, 4, 0, 0,0,2,2 
1548955145,24.78,7.58,378, 116, 30, 4, 0, 0,0,2,2 
1548955145,24.80,7.55,378, 116, 30, 4, 0, 0,0,2,2 
1548955145,24.78,7.54,378, 116, 30, 4, 0, 0,0,2,2 
1548955145,24.77,7.52,378, 116, 30, 4, 0, 0,0,2,2 
1548955146,24.77,7.51,378, 116, 30, 4, 0, 0,0,2,2 
1548955146,24.78,7.50,378, 116, 30, 4, 0, 0,0,2,2 
1548955146,24.77,7.49,378, 116, 30, 4, 0, 0,0,2,2 
